Date,Close,High,Low,Open,Volume
2023-12-11,900.6524047851562,905.5313452227789,886.9913715598126,899.6766166976316,169700
2023-12-12,930.90185546875,934.8050079025813,904.5555765403892,907.4829408657627,366300
2023-12-13,942.6112670898438,952.3691477015399,932.8533864781476,932.8533864781476,321500
2023-12-14,914.3134765625,960.1755186099253,908.4587477904882,951.3934254519078,264700
2023-12-15,910.4102783203125,911.3860663999698,896.7492452051094,911.3860663999698,179100
2023-12-18,903.5797729492188,911.3860776831212,895.7734682153163,904.5555610409566,137100
2023-12-19,900.6524047851562,900.6524047851562,886.9913715598126,896.749252435058,135300
2023-12-20,903.5797729492188,911.3860776831212,895.7734682153163,895.7734682153163,133200
2023-12-21,887.9671630859375,897.7250439989697,887.9671630859375,897.7250439989697,90100
2023-12-22,890.89453125,901.6282003012049,885.0398026766156,888.9429550588719,97500
2023-12-25,888.9429321289062,897.725024762452,884.0639917769364,894.79766055127,91700
2023-12-26,884.0640258789062,891.8703307431791,878.2092972307016,891.8703307431791,151700
2023-12-27,900.6524047851562,901.6281928726808,873.3303383344689,874.3061264219934,263600
2023-12-28,916.2649536132812,916.2649536132812,892.8460410608651,895.7734051299171,142200
2023-12-29,919.1923828125,921.1439589968153,909.4345018909236,910.4102899830812,151300
2024-01-04,918.2166137695312,920.1681899943337,899.6766396339084,917.2408256571301,150000
2024-01-05,925.047119140625,928.9502715420622,911.3860857355946,922.1197548395471,234300
2024-01-09,930.90185546875,942.6113127702438,926.022914926461,930.90185546875,231500
2024-01-10,925.047119140625,934.8050001442181,925.047119140625,931.8776358431402,109000
2024-01-11,929.9260864257812,936.7566033250263,926.022933911927,934.8050270680991,224400
2024-01-12,938.7081298828125,943.5870702668187,929.9260371916012,930.9018252684024,254300
2024-01-15,1026.529052734375,1061.6574233602662,981.6428013790696,982.6185894520111,605400
2024-01-16,1072.39111328125,1088.0037227557723,981.6428207105891,982.6186088027467,758700
2024-01-17,994.3280639648438,1063.6090183726003,994.3280639648438,1055.8027136505996,1287600
2024-01-18,969.933349609375,999.2069919517103,969.933349609375,994.3280515613211,574900
2024-01-19,971.8849487304688,979.6912535395488,958.2239153145787,971.8849487304688,338100
2024-01-22,957.2481689453125,973.83656738779,950.4176519395866,970.9092029567645,296100
2024-01-23,938.7081298828125,958.2238914188376,936.7565537292099,958.2238914188376,351500
2024-01-24,926.0228881835938,932.853404745538,918.2165835413716,924.0713120230382,222700
2024-01-25,925.047119140625,933.8292120438588,915.2892381370319,922.1197548395471,215100
2024-01-26,905.5313720703125,920.1681938171387,903.5797958374023,917.2408294677734,343400
2024-01-29,938.7081298828125,942.6112821900175,910.4102756555759,917.2407921931847,300900
2024-01-30,922.1197509765625,941.6355129019923,918.2165985914764,940.6597248057209,297400
2024-01-31,926.9986572265625,926.9986572265625,901.6281676603619,913.3376243832237,318600
2024-02-01,918.2166137695312,926.0229186687409,908.4587326455193,917.2408256571301,157700
2024-02-02,962.1270751953125,965.0544395214645,919.1923984117489,920.1681865204662,445700
2024-02-05,949.4418334960938,980.6670530971985,947.4902572710247,967.9818076342497,396000
2024-02-06,917.2408447265625,943.587124309134,912.3619040631233,938.7081836456948,429600
2024-02-07,944.5628662109375,949.4418066355807,916.2650117480065,918.2165879178639,362500
2024-02-08,928.9502563476562,938.7081371916443,920.168163588067,938.7081371916443,251700
2024-02-09,928.9502563476562,933.8291967696503,920.168163588067,923.0955278412634,167300
2024-02-13,938.7081298828125,942.6112821900175,927.9744610379986,931.8776133452036,209100
2024-02-14,937.7323608398438,945.5386656127041,927.9744798737684,932.853420356806,300200
2024-02-15,931.8775634765625,931.8775634765625,931.8775634765625,931.8775634765625,319300
2024-02-16,936.7565307617188,946.5144112904867,931.8775904973348,936.7565307617188,270500
2024-02-19,964.07861328125,969.9333417019863,941.6354876684273,941.6354876684273,295300
2024-02-20,939.6839599609375,967.9818154530113,938.7081718405211,964.078662971346,218300
2024-02-21,939.6839599609375,947.4902649242682,935.7808074792721,943.5871124426028,144800
2024-02-22,930.90185546875,938.7081603364126,925.0471268180032,937.7323722279547,233100
2024-02-26,944.5628662109375,951.393382805438,935.7807734465796,936.7565615315083,214500
2024-02-27,945.5386962890625,965.0544588543682,944.5629081607972,958.2239419565112,258300
2024-02-28,953.8975219726562,958.8145195085978,946.0303259151498,947.9971249295264,124300
2024-02-29,952.9141845703125,955.8643832841525,932.2627935734326,953.8975841415925,219900
2024-03-01,936.1963500976562,946.0303453717913,928.3291538783482,943.0801467895508,228300
2024-03-04,951.9307861328125,962.7481814297762,940.1299912633974,947.0137882705562,340300
2024-03-05,951.9307861328125,957.8311835675199,933.2461942562387,951.9307861328125,245800
2024-03-06,978.4826049804688,985.3664022014368,958.8146129205597,959.7980125235553,431200
2024-03-07,972.5821533203125,987.3331465455954,966.6817560301994,983.3995483521866,182600
2024-03-08,971.5987548828125,983.3995494765309,960.7813598385707,964.7149580364768,157600
2024-03-11,959.7979736328125,977.4991657694833,947.9971788750321,969.6319692642962,92700
2024-03-12,962.7481689453125,963.7315685050114,947.0137759901286,954.8809724677205,100200
2024-03-13,950.9473876953125,968.6485800205613,946.0303898271878,961.7647830051868,131500
2024-03-14,970.6153564453125,972.5821555465188,944.0635685790274,947.99716678144,168400
2024-03-15,967.6651611328125,972.5821589027963,954.8809669308547,960.7813642548352,137700
2024-03-18,974.5489501953125,974.5489501953125,961.7647560958785,970.6153520108712,95600
2024-03-19,987.3331909179688,988.3165905105166,969.6319982521088,974.5489962148476,119800
2024-03-21,1010.9346923828125,1019.7852879386932,988.3165037400064,990.2833027524243,337900
2024-03-22,1019.785400390625,1024.7023984638681,1007.9846050148415,1017.8186011613277,176400
2024-03-25,1022.7355346679688,1033.5529297461876,1015.8517378000113,1027.6525324307956,171800
2024-03-26,1011.9181518554688,1022.7355470648081,1006.0177544685564,1022.7355470648081,120200
2024-03-27,1027.6524658203125,1032.5694632644288,1015.8516719544333,1015.8516719544333,211100
2024-03-28,1052.2374267578125,1089.6066063996789,1052.2374267578125,1068.9552176502264,573100
2024-03-29,1115.1751708984375,1124.0257674928696,1052.2375951158097,1052.2375951158097,418400
2024-04-01,1063.0548095703125,1119.1085784375723,1061.0880106626894,1116.1583800761375,283300
2024-04-02,1044.370361328125,1059.1213551321946,1038.4699638064972,1059.1213551321946,233200
2024-04-03,1039.453369140625,1050.2707646567526,1034.5363711787488,1037.4865699558745,137400
2024-04-04,1037.486572265625,1047.3205682112707,1020.7687791580273,1035.519773076496,179300
2024-04-05,1030.6026611328125,1037.4864575335087,1018.8018673030474,1028.635862161185,106900
2024-04-08,1033.552978515625,1039.4533761094344,1027.6525809218156,1038.4699765104663,90100
2024-04-09,1028.635986328125,1050.2707776275693,1025.6857875145645,1040.4367815823673,130300
2024-04-10,1034.536376953125,1036.5031761488533,1017.8185837894339,1034.536376953125,160100
2024-04-11,1020.7687377929688,1041.4201284419596,1002.0841462534058,1019.785338238255,384400
2024-04-12,997.1671752929688,1003.0675727799095,952.914194140914,961.7647903713249,1358400
2024-04-15,983.3995361328125,993.2335314941406,951.9307509765625,988.3165338134766,375900
2024-04-16,905.7109985351562,966.6817715092927,905.7109985351562,960.7813741246989,660800
2024-04-17,897.84375,922.4287376779846,896.8603504928806,914.5615416210295,328200
2024-04-18,907.677734375,927.3457242856175,905.7109353839382,912.5947318526544,248200
2024-04-19,891.9434204101562,907.6778137139738,885.059623339736,901.7774162250422,279400
2024-04-22,907.677734375,916.5283298347779,894.8935409330986,894.8935409330986,291700
2024-04-23,894.8936157226562,916.5284064324347,894.8936157226562,916.5284064324347,144900
2024-04-24,903.7442016601562,917.5117955918671,897.8438042608517,900.794002960504,242700
2024-04-25,882.1094360351562,906.6944258912085,882.1094360351562,906.6944258912085,248800
2024-04-26,887.0263671875,889.9765657479905,873.2587739052107,882.1093695866824,202900
2024-04-30,885.0596313476562,894.8936272515191,881.1260329861111,894.8936272515191,254900
2024-05-01,873.2588500976562,885.0596453692461,869.3252516737929,885.0596453692461,231500
2024-05-02,898.8272094726562,907.677805627201,874.2422201544764,888.0098141726571,438300
2024-05-07,935.2130126953125,938.1632114735312,915.5450208405215,928.3292155461356,414700
2024-05-08,915.5449829101562,938.1631726061107,915.5449829101562,935.2129739501166,128300
2024-05-09,925.3789672851562,935.2129626866988,916.5283714237679,918.4951705040764,167300
2024-05-10,941.1133422851562,944.0635408503134,924.3955504159319,924.3955504159319,190500
2024-05-13,938.1632690429688,947.9972655738175,934.2296704306292,942.0968676553082,129000
2024-05-14,942.0968017578125,946.0304000950059,929.3126071619341,936.1964042520225,231500
2024-05-15,938.1632690429688,948.9806652269024,936.1964697367989,944.0636669614779,175800
2024-05-16,947.9971923828125,953.8975898457761,935.2129978797248,938.1631966112066,268100
2024-05-17,954.8809814453125,959.797979290036,945.0469857558654,947.9971844626995,134300
2024-05-20,952.9141845703125,959.7979815692725,947.9971867139125,952.9141845703125,137100
2024-05-21,952.9141845703125,965.6983789969523,946.0303875713525,954.8809837128724,148000
2024-05-22,958.8146362304688,963.731634364984,947.0138407076322,947.9972403345353,153400
2024-05-23,968.6486206054688,975.5324179092639,959.7980240720178,961.7648233016736,122500
2024-05-24,945.0469970703125,960.7813903618057,940.1299991667208,953.8975932967774,162500
2024-05-27,945.0469970703125,946.0303966510307,938.1632000052841,938.1632000052841,72400
2024-05-28,948.9805908203125,963.7315844600065,944.0635929404145,944.0635929404145,112700
2024-05-29,944.0635375976562,955.864331817627,939.1465400060017,948.9805351893107,114900
2024-05-30,939.1466064453125,951.9308010880236,933.2462089179074,938.1632068574116,198700
2024-05-31,968.6486206054688,968.6486206054688,942.0968310051159,945.0470298495994,352500
2024-06-03,970.6153564453125,973.565555097122,961.7647604898841,969.6319568947093,124600
2024-06-04,994.2169189453125,1007.9845122838233,964.7149332199323,964.7149332199323,321800
2024-06-05,982.4161376953125,994.216932142103,977.4991400091498,990.2833339931728,165900
2024-06-06,972.5821533203125,986.3497469972431,964.714956933495,982.4161488038344,93400
2024-06-07,999.1339721679688,1003.0675704835907,973.5655831164262,973.5655831164262,157400
2024-06-10,1019.785400390625,1023.7189988492195,1007.9846050148415,1007.9846050148415,189800
2024-06-11,1032.5694580078125,1040.4366538783481,1017.8184657505581,1022.7354631696429,248500
2024-06-12,1031.586181640625,1080.7561616997586,1030.6027820394424,1042.4035772536345,350000
2024-06-13,1025.6856689453125,1038.4698623262225,1013.8848750552419,1028.6358674178302,176700
2024-06-14,1044.370361328125,1048.303959675877,1016.8351728938618,1016.8351728938618,260700
2024-06-17,1028.635986328125,1052.2375768366098,1015.8517914693625,1045.3537796049684,289900
2024-06-18,1032.5694580078125,1041.4200533621652,1023.7188626534598,1029.6192595563616,133000
2024-06-19,1017.818603515625,1038.4699954710145,1014.868404664855,1032.5695977694745,137900
2024-06-20,1026.6690673828125,1031.5860648319638,1014.8682735048491,1014.8682735048491,98300
2024-06-21,1027.6524658203125,1040.436659175015,1023.7188678650194,1026.6690663314891,145000
2024-06-24,1033.552978515625,1036.5031773125297,1015.8517857341966,1027.6525809218156,119200
2024-06-25,1063.0548095703125,1073.8722035622397,1037.4864237712115,1040.4366221326463,220800
2024-06-26,1089.606689453125,1095.5070866884307,1058.137904198161,1062.0715023550315,282100
2024-06-27,1101.4075927734375,1110.2581895010812,1090.5901967729842,1098.457393864223,212200
2024-06-28,1104.3577880859375,1111.241585518352,1096.4905910203208,1109.274786251948,153600
2024-07-01,1169.2620849609375,1174.1790827950879,1121.0755061862646,1122.058905753095,586900
2024-07-02,1156.4779052734375,1189.9134909701186,1154.5111061148093,1168.2787002252073,411000
2024-07-03,1093.5401611328125,1146.6437301086864,1079.7725691761045,1144.6769312577283,714900
2024-07-04,1087.639892578125,1101.4074861550632,1075.8390980836064,1099.4406870726436,425900
2024-07-05,1103.374267578125,1111.2414637818906,1072.8888822885333,1083.706277068711,306400
2024-07-08,1112.2249755859375,1134.8431669550591,1104.3577785879822,1113.2083752106819,293600
2024-07-09,1119.108642578125,1126.9758386595179,1108.29124796621,1109.274647476384,216600
2024-07-10,1147.6273193359375,1147.6273193359375,1118.12533169234,1123.0423296329398,321900
2024-07-11,1161.3948974609375,1180.0794893760583,1154.5111004395771,1169.2620940567779,472000
2024-07-12,1164.3450927734375,1172.212289346231,1131.8929069106644,1131.8929069106644,412600
2024-07-16,1239.0833740234375,1316.7719347757006,1232.199577501085,1282.3529521639384,1583300
2024-07-17,1244.9837646484375,1246.9505636447225,1213.5149807078767,1239.0833676595823,438700
2024-07-18,1175.1624755859375,1250.8842417952405,1175.1624755859375,1233.1830496943646,392400
2024-07-19,1197.7806396484375,1201.7142378082024,1157.4612585108464,1185.9798451691424,294200
2024-07-22,1181.0628662109375,1211.5482524328684,1164.3450737666528,1199.7474577663145,200900
2024-07-23,1176.1458740234375,1194.8304656676225,1163.361679740574,1194.8304656676225,223700
2024-07-24,1152.5443115234375,1189.9134956854602,1152.5443115234375,1172.21230318766,200700
2024-07-25,1097.4739990234375,1140.7435832143258,1097.4739990234375,1137.7933842922198,356500
2024-07-26,1088.623291015625,1111.2414804405205,1082.722893774348,1092.5568891764765,236200
2024-07-29,1115.1751708984375,1127.9593659792838,1091.573579979952,1101.4075761959878,144000
2024-07-30,1076.822509765625,1114.1916927529253,1068.955313347246,1100.424099020762,151900
2024-07-31,1060.104736328125,1064.0383346076358,1034.5363475113056,1054.204338908859,233100
2024-08-01,968.6486206054688,1032.5695955692813,953.8976263830505,1030.6027963396257,541100
2024-08-02,906.6943969726562,945.046979924862,900.7939995953939,939.1465825475995,495400
2024-08-05,760.1678466796875,835.8896114847793,759.1844471367642,832.9394128560094,668900
2024-08-06,800.4872436523438,830.9726300813642,786.7196497811732,804.4208419012496,540900
2024-08-07,829.005859375,855.5576484653025,791.6366747293891,805.4042690725089,435600
2024-08-08,812.2880249023438,846.7070090083753,806.387627627024,814.254823994117,340600
2024-08-09,824.0888061523438,846.7069953426825,812.288011792167,827.039004742388,322100
2024-08-13,837.8564453125,851.6240394843016,828.0224494754988,829.989248642899,255000
2024-08-14,846.70703125,856.5410269671893,830.9726381024971,842.7734329631243,188900
2024-08-15,873.2588500976562,880.1426473394171,845.723661130613,851.624058766408,235400
2024-08-16,888.0098266601562,900.7940212853855,879.1592303811514,900.7940212853855,255900
2024-08-19,872.2754516601562,896.860441842235,869.3252528383068,887.0264457694035,274200
2024-08-20,896.8603515625,903.7441481205454,875.2255623800712,880.1425599215323,181600
2024-08-21,886.0430297851562,886.0430297851562,871.2920359485554,875.2256343049822,162400
2024-08-22,906.6943969726562,910.6279952241646,892.9268030923773,892.9268030923773,174300
2024-08-23,901.7774658203125,909.6446629048954,894.8936683713025,901.7774658203125,125800
2024-08-26,907.677734375,912.5947318526544,898.8271389152221,901.7773374018147,169100
2024-08-27,924.3955688476562,930.2959660956201,911.6113748104015,913.578173893056,205200
2024-08-28,912.5947875976562,924.3955822648674,898.8271938192433,917.5117853756609,220800
2024-08-29,903.7155151367188,907.6618710980144,891.8764472528316,907.6618710980144,127400
2024-08-30,906.67529296875,907.6618819708923,895.822813945185,905.6887039666077,118900
2024-09-02,911.6082153320312,925.4204610188801,903.7155035109747,925.4204610188801,221800
2024-09-03,921.47412109375,924.4338880779911,905.688697177797,911.6082311462794,176700
2024-09-04,879.05078125,899.7691498316499,875.1044253296858,891.8764379910214,306100
2024-09-05,866.22509765625,886.9434655956364,866.22509765625,872.1446313532175,192400
2024-09-06,878.064208984375,885.9569209752458,864.2519630003511,881.0239759809516,143100
2024-09-09,866.22509765625,868.1982755552392,846.4933186663582,859.3189750097879,154900
2024-09-10,859.3190307617188,882.9971670858074,859.3190307617188,874.1178659642742,120700
2024-09-11,835.640869140625,859.3190047479154,830.7079242224395,856.3592377970042,192100
2024-09-12,853.3994750976562,858.3324200404173,839.5872292579254,850.4397081319996,123500
2024-09-13,850.439697265625,857.3458200972484,845.506752385894,852.4128752175174,139900
2024-09-17,850.439697265625,853.3994641934636,835.640862626432,848.4665193137325,132500
2024-09-18,843.5335693359375,858.3324038856907,835.640857576069,855.3726369757401,104000
2024-09-19,858.3323974609375,868.1982870869252,848.4665078349497,851.426274722746,105000
2024-09-20,870.1715087890625,875.104453850225,867.211741752365,873.13127582576,90800
2024-09-24,877.0775756835938,896.8093546641021,873.1312198874921,878.0641646326192,151600
2024-09-25,878.064208984375,891.8764549683989,873.1312639900808,891.8764549683989,185200
2024-09-26,895.8228149414062,895.8228149414062,877.077623879857,882.9971578992936,170400
2024-09-27,914.5679931640625,914.5679931640625,896.8093913550516,898.7825693338306,193900
2024-09-30,853.3994750976562,873.1312548687004,851.4262971205519,870.1714879030437,304600
2024-10-01,874.1177978515625,881.0239204079518,864.251908485292,876.0909757248166,163400
2024-10-02,840.5737915039062,866.2251043901757,839.5872025467421,862.2787485615189,245100
2024-10-03,855.3726196289062,868.1982759785899,855.3726196289062,866.2250980786386,146800
2024-10-04,851.42626953125,861.2921590970814,848.4665026615005,857.3458032707488,123600
2024-10-07,875.1044311523438,881.0239650722018,862.2787743259847,866.2251302725567,187800
2024-10-08,837.614013671875,858.3323815012146,835.6408357833665,858.3323815012146,319700
2024-10-09,846.4933471679688,852.4128810642482,835.6408683581229,849.4531141161085,244200
2024-10-10,849.453125,852.4128919860627,839.5872350464576,847.4799470092915,284100
2024-10-11,866.22509765625,872.1446313532175,840.5737849693907,858.3323860602933,659100
2024-10-15,867.2117309570312,876.0910319565913,849.4531289579112,851.4263069578134,316800
2024-10-16,831.6945190429688,842.5469979391404,824.7883961090414,840.5738199580182,426900
2024-10-17,831.6945190429688,841.5604089485794,826.7615740901635,833.6676970240909,182300
2024-10-18,830.7079467773438,838.6006588607389,826.7615907356461,834.6543028190413,170000
2024-10-21,818.868896484375,827.748197771555,814.9225403567395,827.748197771555,188100
2024-10-22,811.9627075195312,825.7749528479316,803.083406951274,816.8956522796742,201500
2024-10-23,798.1504516601562,806.0431631722468,795.1906848431223,801.1102184771902,200000
2024-10-24,794.2041625976562,796.1773406413771,781.3785053134704,789.271217488354,232400
2024-10-25,807.02978515625,809.0029631150672,795.1907174033465,795.1907174033465,171400
2024-10-28,825.7749633789062,827.7481413081271,799.1370613344253,799.1370613344253,218900
2024-10-29,834.6542358398438,834.6542358398438,816.8956350772938,824.788346527316,172800
2024-10-30,831.6945190429688,840.5738199580182,831.6945190429688,835.640875005213,215000
2024-10-31,827.7481689453125,835.6408809257207,826.7615799477614,831.6945249355166,124300
2024-11-01,819.8554077148438,830.7078860359788,817.8822298382737,817.8822298382737,103300
2024-11-05,819.8554077148438,835.6408307274039,819.8554077148438,834.6542417891188,93400
2024-11-06,831.6945190429688,843.5335869297014,828.7347520712856,829.7213410618467,161900
2024-11-07,836.6275024414062,845.5068037644872,835.6409134055084,838.600680513202,151100
2024-11-08,840.5737915039062,845.5067362897273,836.6274356752494,837.6140246324137,124600
2024-11-11,847.47998046875,848.4665695030559,836.6275010913854,840.5738572286089,99200
2024-11-12,860.3056030273438,881.0239719075894,858.3324250387489,862.2787810159385,237400
2024-11-13,865.2385864257812,871.1581206544639,854.3861070065296,854.3861070065296,165700
2024-11-14,871.1580200195312,876.0909646402533,863.2653086263757,872.1446089436756,123100
2024-11-15,855.3726196289062,878.0641654783466,854.3860306789305,876.0909875783952,114500
2024-11-18,857.3458251953125,869.1848929770659,846.4933463953718,850.4397023226229,96400
2024-11-19,858.3323974609375,873.1312318999192,857.3458084983387,868.1982870869252,65300
2024-11-20,856.3592529296875,867.2117319414692,854.3860749275453,854.3860749275453,90300
2024-11-21,869.1848754882812,873.1312313361282,859.318985868664,863.2653417165109,138800
2024-11-22,869.1848754882812,877.0775871839751,857.3458079447405,873.1312313361282,146600
2024-11-25,873.1312866210938,881.0239988165387,865.2385744256488,877.0776427188162,111800
2024-11-26,875.1044311523438,881.0239650722018,870.1714862191287,873.1312531790577,85800
2024-11-27,862.27880859375,877.0776439815146,851.4263293093893,877.0776439815146,110800
2024-11-28,861.2921752929688,868.1982981189146,850.4396965664823,861.2921752929688,127500
2024-11-29,857.3458251953125,864.251948068002,855.3726472316869,858.3324141771252,69000
2024-12-02,865.2385864257812,867.2117645020088,858.3324631589848,865.2385864257812,93800
2024-12-03,880.037353515625,884.9702983223269,869.1848749408807,873.1312307862423,211100
2024-12-04,887.9301147460938,896.8094158935547,875.1044575330947,879.0508135986329,157400
2024-12-05,882.9971313476562,901.7423218455394,880.0373644269379,899.7691438983938,103900
2024-12-06,885.9569091796875,895.8227990369223,882.0105532367936,882.997142222517,182300
2024-12-09,886.9434814453125,890.8898373138122,873.1312359055635,885.9568924781876,154400
2024-12-10,892.863037109375,899.7691600483425,886.9435031616886,899.7691600483425,129000
2024-12-11,894.836181640625,901.7423043214237,888.9166479142262,888.9166479142262,119900
2024-12-12,912.5948486328125,921.4741498627534,901.7423693517737,908.6484925306166,182700
2024-12-13,934.2997436523438,935.2863326107939,897.7959521896861,897.7959521896861,187700
2024-12-16,953.0449829101562,958.9645169654989,944.1656818271424,944.1656818271424,221600
2024-12-17,966.8572387695312,975.7365399419045,956.0047595588528,972.7767728844467,305400
2024-12-18,958.9645385742188,976.723141140408,958.9645385742188,971.7901959831332,130400
2024-12-19,962.9108276367188,962.9108276367188,939.2326925308978,945.1522263073531,180100
2024-12-20,957.9779052734375,979.682862962434,956.0047273017105,972.7767400613897,189600
2024-12-23,968.8303833007812,975.7365061960007,959.9510824354992,974.7499172109693,174500
2024-12-24,968.8303833007812,979.6828621361261,962.9108493905932,972.7767392409066,163900
2024-12-25,985.6023559570312,985.6023559570312,972.7766996733061,978.6962333427177,180200
2024-12-26,1019.1463623046875,1023.092718015451,985.6023387631974,986.5889276908882,331400
2024-12-27,1017.1732788085938,1028.0257580199366,1008.2939776356768,1025.0659909622977,256200
2024-12-30,1018.1597900390625,1026.0525015897529,1010.2670784883721,1018.1597900390625,159500
2025-01-06,1001.3878173828125,1024.0793639836054,995.4682834869535,1024.0793639836054,205700
2025-01-07,1002.3743896484375,1015.2000462088997,999.4146227498692,1001.3878006822481,186100
2025-01-08,993.4950561523438,1010.2670680238332,993.4950561523438,998.4280008204289,217800
2025-01-09,1007.307373046875,1013.2269070706568,997.4414830072386,1003.3610170310204,204000
2025-01-10,1007.307373046875,1021.119619102366,1001.3878390230932,1015.2000850785842,328000
2025-01-14,966.8572387695312,980.6694850376674,949.0986364247848,977.7097179802097,612100
2025-01-15,986.5889892578125,1018.1598369140625,965.8706204833984,1008.2939470214843,488000
2025-01-16,1001.3878173828125,1018.1598300877464,994.4816945043104,1016.18665212246,239300
2025-01-17,1005.3341674804688,1025.0659470188489,995.4682777112787,1021.1195911111729,295200
2025-01-20,1032.958740234375,1040.8514526716958,1003.3610685944216,1003.3610685944216,486400
2025-01-21,1009.280517578125,1076.3685676224188,1000.4012168369685,1062.5563220250642,310800
2025-01-22,1011.2537231445312,1024.0793801209986,1010.2671341463415,1013.2269011409109,217100
2025-01-23,1014.2134399414062,1029.0122741817963,1001.3877835997348,1028.0256852324371,266200
2025-01-24,1003.3610229492188,1023.0928031448769,1003.3610229492188,1014.2135020568307,196700
2025-01-27,1028.0257568359375,1038.8782360347814,1008.2939764744032,1013.2269215647867,175100
2025-01-28,1058.6099853515625,1063.5429302972827,1033.9452606229613,1033.9452606229613,255000
2025-01-29,1073.4088134765625,1078.3417583914363,1054.6636228000416,1064.5295126297895,222900
2025-01-30,1072.4222412109375,1089.1942541829578,1070.4490632142292,1080.3149531977706,231500
2025-01-31,1063.54296875,1078.3418041222171,1058.6100236259276,1071.4356809485157,239100
2025-02-03,1059.5966796875,1104.979777700186,1057.6235015130353,1060.5832687747322,359900
2025-02-04,1071.435546875,1072.4221357763581,1059.5964800587017,1069.4623690722835,195800
2025-02-05,1062.556396484375,1081.3015882515087,1062.556396484375,1079.328410170758,195000
2025-02-06,1062.556396484375,1085.2479444130106,1054.6636841613713,1071.4356978477542,236500
2025-02-07,1052.6904296875,1077.3551539069822,1052.6904296875,1070.4490311255272,123300
2025-02-10,1044.7977294921875,1068.4758650047584,1037.8916066343543,1065.516098065687,165000
2025-02-12,1036.905029296875,1053.6770421399262,1036.905029296875,1053.6770421399262,184600
2025-02-13,1034.9317626953125,1047.7574184770465,1027.0390514450146,1036.904940507887,155900
2025-02-14,1034.9317626953125,1045.784240664472,1030.9854070701635,1034.9317626953125,122400
2025-02-17,1029.9989013671875,1036.9050242690748,1027.0391344092359,1027.0391344092359,117600
2025-02-18,1038.8782958984375,1038.8782958984375,1023.0928706996009,1029.9989942240918,139000
2025-02-19,1025.06591796875,1041.8379301010586,1016.1866174281159,1040.8513411520994,195900
2025-02-20,1013.2268676757812,1036.9050028502884,1006.3207449165501,1029.0122911254527,182000
2025-02-21,1011.2537231445312,1011.2537231445312,997.4414771698742,1001.3878331626335,118400
2025-02-25,1021.11962890625,1021.11962890625,999.4146706106583,1000.4012596240942,137300
2025-02-26,1038.8782958984375,1045.7844194229285,1016.1867471751099,1016.1867471751099,258700
2025-02-27,1088.6329345703125,1088.6329345703125,1045.8438886959766,1047.8340768761782,236100
2025-02-28,1071.71630859375,1092.6132839702298,1071.71630859375,1074.70159079039,252600
2025-03-03,1095.5985107421875,1097.5886987726003,1074.7015364228544,1088.6328526357431,196000
2025-03-04,1052.8095703125,1088.632958338256,1032.9076880759687,1083.6574877791234,276300
2025-03-05,1045.8438720703125,1049.8242483674403,1027.9321787332376,1049.8242483674403,169800
2025-03-06,1031.91259765625,1054.7997623101494,1019.9714682716068,1054.7997623101494,241000
2025-03-07,1002.0596923828125,1009.0253506218191,988.1283759047992,995.0940341438059,214200
2025-03-10,1018.976318359375,1019.9714124202728,995.0940608978271,995.0940608978271,132300
2025-03-11,1005.0449829101562,1011.015547165068,987.1332901454208,1001.064606740215,195200
2025-03-12,1028.92724609375,1044.848750868895,1013.0057413186049,1014.995929415498,151600
2025-03-13,1014.9959716796875,1041.8635121065029,1012.0106894100414,1026.9371007582722,76600
2025-03-14,1032.9075927734375,1033.9026867934504,1012.0106183531657,1012.0106183531657,97400
2025-03-17,1024.9468994140625,1032.9076520308708,1019.9714290285574,1031.9125579537697,71200
2025-03-18,1024.9468994140625,1033.9027461079718,1020.9665231056584,1033.9027461079718,121700
2025-03-19,1028.92724609375,1044.848750868895,1025.9419639484101,1026.9370579968568,85000
2025-03-21,1026.93701171875,1038.8781397619912,1022.9566357043362,1022.9566357043362,74700
2025-03-24,1033.9027099609375,1039.8732742148024,1025.941957622451,1032.9076159186266,91700
2025-03-25,1032.9075927734375,1042.858532973567,1030.9174047334116,1030.9174047334116,66200
2025-03-26,1040.868408203125,1041.8635022836252,1029.9223733176236,1039.8733141226248,95500
2025-03-27,1043.8536376953125,1057.7849541183195,1027.932133211876,1029.9223212723055,119300
2025-03-28,1030.91748046875,1045.8438918654983,1023.9518218169342,1034.8978568412163,119800
2025-03-31,1058.780029296875,1075.696627509325,1016.9860807719983,1017.9811747844955,263600
2025-04-01,1027.93212890625,1072.7113600783518,1027.93212890625,1072.7113600783518,136000
2025-04-02,995.0940551757812,1020.9665006103515,987.133302734375,1014.9959362792969,386400
2025-04-03,1010.0204467773438,1010.0204467773438,963.2510270743534,965.2412151468211,216300
2025-04-04,984.1480102539062,998.0793268803518,962.2559412694918,993.1038566566212,199600
2025-04-07,930.4129638671875,943.349186894218,885.6337303120822,909.5159882081384,324800
2025-04-08,1003.0548095703125,1012.0106560843332,960.265765114436,960.265765114436,167500
2025-04-09,973.2019653320312,995.0940340818315,960.2657428889675,995.0940340818315,215000
2025-04-10,1042.8585205078125,1048.8290845565214,1017.981170304859,1036.8879564591036,214000
2025-04-11,1056.7899169921875,1058.7801051597812,997.0842719643804,1021.9616240593,208200
2025-04-14,1047.8341064453125,1065.7458005725828,1044.8488240907675,1059.7752358634928,311300
2025-04-15,958.2755737304688,1014.0008407386788,954.2951975155966,1003.0548061477804,764500
2025-04-16,915.4865112304688,970.2166830975076,898.569912653384,951.3098964525306,441000
2025-04-17,924.4423828125,939.3687937298171,916.4816303232643,925.4374768736545,234900
2025-04-18,967.2314453125,967.2314453125,929.4178702899949,929.4178702899949,288000
2025-04-21,923.447265625,978.177437617861,922.4521715887662,970.2166853279903,280900
2025-04-22,895.5846557617188,928.4227598063152,893.5944676378039,920.4620073106554,391800
2025-04-23,909.5159912109375,933.3982491858418,907.5258030463622,925.4374965275404,271900
2025-04-24,911.5061645507812,933.3982340050576,909.5159764185743,929.4178577406437,204200
2025-04-25,907.5257568359375,925.4374494050678,907.5257568359375,916.4816031205027,197200
2025-04-28,927.4276733398438,943.3491784615578,910.5110741480225,910.5110741480225,295300
2025-04-30,900.5601196289062,924.442376945032,900.5601196289062,924.442376945032,264000
2025-05-01,895.5846557617188,910.5110666910807,891.604279513889,898.5699379475911,186600
2025-05-02,907.5257568359375,916.4816031205027,895.5846284565173,895.5846284565173,192400
2025-05-07,928.4227294921875,933.3981996395197,902.5502847260601,914.4914130796574,263600
2025-05-08,940.3638916015625,952.3050203838046,914.4914459067047,928.4227628193205,274500
2025-05-09,968.2265014648438,974.1970657082036,943.3491504508447,948.3246206536445,256500
2025-05-12,952.3049926757812,984.148001835264,946.3344284583782,967.2314032192887,215500
2025-05-13,962.2559814453125,982.1578631711722,962.2559814453125,967.2314518767774,142400
2025-05-14,961.2608642578125,968.2265226944634,949.3197355092683,958.2755820706765,130300
2025-05-15,958.2755737304688,977.1823607511114,958.2755737304688,961.2608558916228,187400
2025-05-16,1057.7850341796875,1059.7752223907498,943.349212043597,961.2609059431591,969800
2025-05-19,1104.554443359375,1110.5250079180744,1051.8144564241977,1054.7997387035473,668000
2025-05-20,1116.4954833984375,1142.367927755264,1109.5298253023689,1130.4267995905748,422100
2025-05-21,1144.358154296875,1158.2894709578804,1126.4464614470107,1146.3483423913044,445200
2025-05-22,1122.466064453125,1161.2747315751747,1114.505312222961,1158.289449488863,523400
2025-05-23,1092.61328125,1128.4366675204917,1089.6279990607923,1124.456291268215,550000
2025-05-26,1094.603515625,1101.5691743607954,1080.6721981534092,1094.603515625,454000
2025-05-27,1122.466064453125,1128.436628625748,1094.603431647551,1105.5494659640265,272300
2025-05-28,1136.3974609375,1153.3140606187062,1120.4759553551883,1124.4563317507664,255000
2025-05-29,1122.466064453125,1152.31888531624,1119.4807823668136,1146.348321143617,205200
2025-05-30,1084.6524658203125,1108.534721948466,1080.6720897989535,1104.5543459271073,397500
2025-06-02,1094.603515625,1101.5691743607954,1083.65748046875,1085.6476686789772,252400
2025-06-03,1048.8291015625,1073.7064521688212,1031.9125031502017,1064.7506059505456,462300
2025-06-04,1055.7947998046875,1076.6917751071367,1051.814423556602,1055.7947998046875,285500
2025-06-05,1056.7899169921875,1060.7702933273747,1042.8585998190326,1059.7751992435778,186200
2025-06-06,1068.7310791015625,1081.6673025916186,1057.7850438407459,1073.7065496746611,244900
2025-06-09,1059.775146484375,1090.6230615463614,1058.7800524501174,1077.6868391010123,215500
2025-06-10,1036.8880615234375,1061.7654142471283,1025.9420263250136,1056.7899437023902,440100
2025-06-11,1101.569091796875,1109.5298440411161,1033.9026977208248,1036.8879798124153,466800
2025-06-12,1054.7996826171875,1094.6034442253833,1054.7996826171875,1090.6230680645638,259200
2025-06-13,1017.981201171875,1053.8045865503575,1013.0057309804191,1053.8045865503575,333100
2025-06-16,1005.0449829101562,1028.9272399298036,1002.0597007827004,1025.9419578023476,302400
2025-06-17,1003.0548095703125,1019.9714085412404,990.1185868278383,1017.9812204270136,234800
2025-06-18,1019.971435546875,1038.878223132622,1004.0499302115091,1004.0499302115091,288900
2025-06-19,1007.0352172851562,1035.892945843723,994.0989941382126,1023.9518167850057,214600
2025-06-20,1000.0695190429688,1010.0204595309585,995.0940487989739,1007.0351773845616,262300
2025-06-23,995.0940551757812,1000.0695254516601,987.133302734375,995.0940551757812,183800
2025-06-24,985.1431274414062,1012.0106672807174,977.1823748964251,1004.0499147357363,296100
2025-06-25,976.187255859375,986.1381962860761,962.2559392619935,985.143102243406,284700
2025-06-26,1002.0596923828125,1003.0547864169563,971.2117773243544,975.1921534609297,283600
2025-06-27,1012.0106811523438,1014.9959633976309,995.0940817623832,1001.0646462529576,241700
2025-06-30,1008.0302734375,1018.9763079960513,1000.0695210312808,1014.0008377421643,307700
2025-07-01,1012.0106811523438,1014.0008693158685,1002.0597403347199,1008.0303048252943,216600
2025-07-02,1014.0008544921875,1020.9665129626933,994.0989731478855,1003.0548197528215,244600
2025-07-03,1009.025390625,1014.9959550665681,992.1087913738905,1010.0204846985947,250900
2025-07-04,1014.9959716796875,1024.946912578508,1010.0205012302773,1019.9714421290978,118800
2025-07-07,1030.91748046875,1037.8831391205658,1022.9567277238176,1022.9567277238176,204400
2025-07-08,1036.8880615234375,1042.8586261771234,1025.9420263250136,1028.9273086518563,155500
2025-07-09,1041.863525390625,1046.8389959034741,1028.927302057217,1034.8978666726362,222100
2025-07-10,1009.025390625,1034.8978365384617,1009.025390625,1029.9223661704882,336500
2025-07-11,1063.7554931640625,1106.5445354522333,1034.8977669697147,1098.5837833986202,1044700
2025-07-14,1057.7850341796875,1080.6721986069056,1050.819375440969,1063.7555988128747,382900
2025-07-15,1065.7457275390625,1083.6574204388787,1060.7702572891135,1060.7702572891135,245400
2025-07-16,1113.51025390625,1123.4611945130976,1057.784986507903,1058.780080568588,414400
2025-07-17,1116.4954833984375,1141.3728337415398,1108.5347312886447,1120.475859453334,384300
2025-07-18,1135.40234375,1136.3974378286591,1105.549521390228,1114.5053680981596,261600
2025-07-22,1126.446533203125,1139.38275664097,1112.5152156546765,1135.402380198556,230400
2025-07-23,1131.4219970703125,1173.2159494686882,1128.436714756143,1134.4072793844823,331400
2025-07-24,1148.3385009765625,1148.3385009765625,1123.4611504354757,1130.42680858698,273000
2025-07-25,1136.3974609375,1142.368025530867,1118.4857671573993,1132.4170845419221,259900
2025-07-28,1189.137451171875,1191.1276393746732,1153.3140635215088,1154.309157622908,471800
2025-07-29,1154.30908203125,1192.1226554081356,1144.3581416689117,1186.1520911907328,278800
2025-07-30,1147.343505859375,1161.274823363305,1137.3925647851393,1153.3140705039164,179200
2025-07-31,1121.470947265625,1140.3777334218335,1117.490571232739,1139.382639413612,283100
2025-08-01,1145.353271484375,1148.3385536863325,1120.4759198013955,1125.4513901379914,245300
2025-08-04,1164.260009765625,1164.260009765625,1137.392471078726,1137.392471078726,154800
2025-08-05,1147.343505859375,1166.2502939004228,1129.4318119257507,1164.2601056855756,226600
2025-08-06,1174.2109375,1174.2109375,1137.3924589512712,1153.3139631885595,241300
2025-08-07,1146.348388671875,1176.2012112935383,1145.353294584486,1174.2110231187607,199600
2025-08-08,1133.412109375,1159.2845543651229,1133.412109375,1144.358143793898,163500
2025-08-12,1172.2208251953125,1185.1570482237837,1141.3729087428042,1148.3385672965965,236200
2025-08-13,1172.2208251953125,1179.1864837491046,1159.2846021668413,1171.2257311161993,177100
2025-08-14,1181.1766357421875,1190.132482179997,1168.2404131097962,1176.20116549896,186500
2025-08-15,1156.29931640625,1188.1423268408455,1145.3532815693577,1177.1962920039532,266000
2025-08-18,1164.260009765625,1187.1471723507611,1151.3237874348958,1154.309069511218,193500
2025-08-19,1169.2354736328125,1173.2158497132646,1158.2894394115692,1167.2452855925865,159700
2025-08-20,1179.1864013671875,1181.1765893863726,1165.2550852328916,1171.225649290447,194300
2025-08-21,1178.19140625,1192.1227235536317,1175.2061239706504,1182.1717826224663,190600
2025-08-22,1187.147216796875,1201.0785336746253,1179.1864642953033,1193.1177811730538,252600
2025-08-25,1200.08349609375,1214.0148136271766,1191.1276491079757,1201.0785902032806,333300
2025-08-26,1198.09326171875,1206.0540142883099,1190.1325091491901,1202.0736380035298,179000
2025-08-27,1217.0,1218.9901880621424,1197.0981193785774,1208.0441537203599,330000
2025-08-28,1237.0,1240.0,1206.0,1220.0,258600
2025-08-29,1203.0,1245.0,1200.0,1241.0,215600
2025-09-01,1247.0,1247.0,1197.0,1200.0,225800
2025-09-02,1325.0,1334.0,1260.0,1260.0,503600
2025-09-03,1325.0,1335.0,1315.0,1328.0,273300
2025-09-04,1349.0,1357.0,1326.0,1355.0,225000
2025-09-05,1332.0,1365.0,1332.0,1360.0,170400
2025-09-08,1397.0,1403.0,1356.0,1360.0,325700
2025-09-09,1379.0,1418.0,1375.0,1414.0,224900
2025-09-10,1425.0,1430.0,1393.0,1397.0,227400
2025-09-11,1450.0,1458.0,1416.0,1420.0,200800
2025-09-12,1445.0,1470.0,1434.0,1452.0,259300
2025-09-16,1447.0,1454.0,1415.0,1434.0,208500
2025-09-17,1431.0,1448.0,1425.0,1440.0,136500
2025-09-18,1448.0,1452.0,1428.0,1435.0,137900
2025-09-19,1449.0,1492.0,1434.0,1475.0,296900
2025-09-22,1501.0,1513.0,1449.0,1449.0,224700
2025-09-24,1500.0,1504.0,1481.0,1494.0,194300
2025-09-25,1478.0,1503.0,1477.0,1500.0,147300
2025-09-26,1469.0,1498.0,1459.0,1493.0,183900
2025-09-29,1440.0,1475.0,1433.0,1469.0,175900
2025-09-30,1440.0,1460.0,1428.0,1428.0,157100
2025-10-01,1447.0,1447.0,1393.0,1420.0,287700
2025-10-02,1440.0,1460.0,1420.0,1424.0,241100
2025-10-03,1496.0,1497.0,1440.0,1440.0,255900
2025-10-06,1519.0,1547.0,1498.0,1526.0,370800
2025-10-07,1497.0,1536.0,1492.0,1498.0,292600
2025-10-08,1550.0,1554.0,1509.0,1509.0,208600
2025-10-09,1549.0,1556.0,1531.0,1532.0,293400
2025-10-10,1543.0,1567.0,1510.0,1513.0,660700
2025-10-14,1611.0,1622.0,1515.0,1538.0,557300
2025-10-15,1741.0,1741.0,1613.0,1613.0,656900
2025-10-16,1705.0,1767.0,1681.0,1759.0,437300
2025-10-17,1701.0,1716.0,1657.0,1680.0,347400
2025-10-20,1702.0,1745.0,1645.0,1725.0,427500
2025-10-21,1677.0,1724.0,1632.0,1714.0,287800
2025-10-22,1679.0,1712.0,1652.0,1677.0,292000
2025-10-23,1675.0,1688.0,1654.0,1665.0,186600
2025-10-24,1730.0,1749.0,1675.0,1690.0,318100
2025-10-27,1750.0,1775.0,1731.0,1749.0,311100
2025-10-28,1711.0,1755.0,1698.0,1750.0,288600
2025-10-29,1712.0,1727.0,1689.0,1720.0,224900
2025-10-30,1737.0,1755.0,1714.0,1719.0,630700
2025-10-31,1728.0,1756.0,1715.0,1737.0,306500
2025-11-04,1688.0,1734.0,1632.0,1725.0,424400
2025-11-05,1673.0,1674.0,1613.0,1648.0,514100
2025-11-06,1776.0,1783.0,1677.0,1713.0,403600
2025-11-07,1807.0,1815.0,1769.0,1781.0,285400
2025-11-10,1808.0,1838.0,1794.0,1819.0,306400
2025-11-11,1719.0,1818.0,1716.0,1815.0,248300
2025-11-12,1733.0,1741.0,1711.0,1722.0,153100
2025-11-13,1774.0,1774.0,1725.0,1730.0,155700
2025-11-14,1876.0,1879.0,1778.0,1778.0,360600
2025-11-17,1836.0,1846.0,1684.0,1836.0,806600
2025-11-18,1825.0,1836.0,1750.0,1836.0,532100
2025-11-19,1791.0,1871.0,1717.0,1822.0,862500
2025-11-20,1795.0,1861.0,1795.0,1830.0,347600
2025-11-21,1801.0,1808.0,1759.0,1775.0,337500
2025-11-25,1809.0,1809.0,1776.0,1791.0,196900
2025-11-26,1951.0,1965.0,1858.0,1870.0,545100
2025-11-27,1959.0,1992.0,1940.0,1942.0,306700
2025-11-28,1998.0,2049.0,1970.0,1999.0,425100
2025-12-01,1967.0,2000.0,1946.0,1961.0,280900
2025-12-02,1927.0,1976.0,1913.0,1953.0,335500
2025-12-03,1885.0,1945.0,1851.0,1927.0,374400
2025-12-04,1871.0,1896.0,1830.0,1885.0,342700
2025-12-05,1802.0,1868.0,1766.0,1866.0,687700
2025-12-08,1769.0,1821.0,1740.0,1806.0,661700
2025-12-09,1776.0,1788.0,1731.0,1769.0,553700
